 0.000   0.00000
 0.027   0.04021
 0.054   0.08452
 0.081   0.13264
 0.108   0.18390
 0.135   0.23781
 0.162   0.29343
 0.189   0.35029
 0.216   0.40748
 0.243   0.46434
 0.270   0.52031
 0.297   0.57474
 0.324   0.62708
 0.351   0.67691
 0.378   0.72380
 0.405   0.76742
 0.432   0.80759
 0.459   0.84404
 0.486   0.87666
 0.514   0.90537
 0.541   0.93018
 0.568   0.95106
 0.595   0.96810
 0.622   0.98138
 0.649   0.99102
 0.676   0.99717
 0.703   1.00000
 0.730   0.99969
 0.757   0.99643
 0.784   0.99043
 0.811   0.98188
 0.838   0.97100
 0.865   0.95800
 0.892   0.94308
 0.919   0.92644
 0.946   0.90827
 0.973   0.88878
 1.000   0.86814
 1.027   0.84651
 1.054   0.82407
 1.081   0.80097
 1.108   0.77735
 1.135   0.75334
 1.162   0.72908
 1.189   0.70467
 1.216   0.68022
 1.243   0.65583
 1.270   0.63158
 1.297   0.60755
 1.324   0.58380
 1.351   0.56041
 1.378   0.53742
 1.405   0.51488
 1.432   0.49283
 1.459   0.47131
 1.486   0.45034
 1.514   0.42995
 1.541   0.41015
 1.568   0.39097
 1.595   0.37240
 1.622   0.35446
 1.649   0.33715
 1.676   0.32047
 1.703   0.30442
 1.730   0.28899
 1.757   0.27417
 1.784   0.25996
 1.811   0.24634
 1.838   0.23331
 1.865   0.22084
 1.892   0.20893
 1.919   0.19757
 1.946   0.18673
 1.973   0.17640
 2.000   0.16656
 2.027   0.15720
 2.054   0.14831
 2.081   0.13985
 2.108   0.13182
 2.135   0.12421
 2.162   0.11698
 2.189   0.11014
 2.216   0.10366
 2.243   0.09752
 2.270   0.09171
 2.297   0.08622
 2.324   0.08104
 2.351   0.07613
 2.378   0.07151
 2.405   0.06714
 2.432   0.06302
 2.459   0.05914
 2.486   0.05548
 2.514   0.05203
 2.541   0.04878
 2.568   0.04572
 2.595   0.04285
 2.622   0.04014
 2.649   0.03760
 2.676   0.03521
 2.703   0.03296
 2.730   0.03085
 2.757   0.02887
 2.784   0.02700
 2.811   0.02526
 2.838   0.02362
 2.865   0.02208
 2.892   0.02064
 2.919   0.01929
 2.946   0.01803
 2.973   0.01684
 3.000   0.01573
 3.027   0.01469
 3.054   0.01372
 3.081   0.01281
 3.108   0.01195
 3.135   0.01116
 3.162   0.01041
 3.189   0.00971